# X   Y    Z
  -15.87   10.09   -2.76
   20.15  -10.03    0.46
  -10.25    6.66   -2.13
   17.96   -6.67   -1.23
   -5.83    2.67   -0.05
   -8.11    2.46    1.25
   -2.56    1.02   -0.00
   15.49   -5.36   -1.96
  -16.33    9.56   -1.67
    1.83   -0.20   -1.29
   -5.20    4.45   -2.14
   -2.94    0.59    0.71
  -15.95    9.63   -2.23
   15.40   -7.83    0.08
   13.35   -7.65    1.21
   -7.38    2.20    2.11
  -11.28    8.11   -2.56
   12.69   -4.01   -1.51
    4.35   -0.79   -2.64
  -17.21    5.99    2.40
   16.64   -4.35   -3.06
  -11.90    6.02   -0.22
  -15.19    9.32   -2.27
    3.26   -2.55   -6.81
    3.37   -0.48   -1.14
  -19.26   10.45   -1.69
    3.39   -2.35    0.70
  -11.21    6.35   -1.46
   -7.61    3.05    0.76
   20.67  -10.99    1.77
   17.29  -10.69    2.86
  -21.73    7.87    2.75
   16.13   -6.45   -0.81
   11.07   -4.78   -0.12
   -4.64    1.92   -0.27
   -6.79    4.45   -1.32
  -14.01    8.98   -2.61
   -5.64    0.99    1.94
    6.37   -1.89   -1.41
   -9.48    6.67   -2.30
   -1.32    2.40   -1.84
   17.34   -5.00   -3.45
   -4.07    3.61   -1.76
    5.42   -0.32   -1.86
  -18.22    6.08    2.29
    7.70   -6.05    2.18
   -3.60    3.11   -0.78
   -7.46    3.15    0.02
    3.20   -3.38    2.17
  -14.12    5.40    1.47
  -18.12    8.42    0.37
   10.11   -4.66   -0.28
  -20.76   12.42   -2.82
   -1.29    0.27    0.58
  -18.29    8.50   -0.04
    0.71    2.72   -3.11
   14.87   -6.51   -0.51
   16.49   -9.83    2.37
    9.77   -5.14    0.46
   11.60   -4.25   -1.31
    2.02   -1.83    0.83
   -0.39    3.33   -2.81
  -15.46    9.60   -2.92
  -18.42    8.40    0.10
   19.74   -8.07   -1.37
  -15.60    9.85   -2.80
    6.15   -1.09   -1.46
    5.50   -3.51    1.27
   -4.20   -0.41    2.63
  -16.75    4.86    2.84
   16.53   -5.73   -1.59
    8.30   -2.54   -1.40
  -18.44    9.36   -0.84
    3.30    0.29   -1.39
  -15.53    8.17   -0.58
   -1.17    0.98   -0.52
   14.16   -9.22    2.38
  -16.02    8.24   -0.85
   -7.69    4.15   -0.66
    6.77   -0.16   -2.54
    6.16    0.24   -3.16
   -3.75    4.99   -3.27
    8.54   -0.80   -2.90
   12.77   -7.68    2.02
   -6.23    0.62    2.55
    2.79    1.66   -3.11
   20.99  -10.81    0.63
   21.24   -9.80    0.14
   -6.01    3.02   -0.44
    1.78   -2.60    1.63
  -11.27    5.71   -0.07
   21.30   -8.69   -1.59
   14.56   -4.60   -1.87
  -19.45   11.99   -3.28
   -3.24    4.38   -2.96
  -21.70    8.83    1.56
  -12.18    8.62   -2.48
    5.49   -2.52   -0.12
    6.64   -3.12    0.28
  -12.09    4.00    1.56
   21.99   -9.15   -0.83
  -21.87    8.36    2.43
   -7.07    2.36    1.27
  -12.77    2.77    3.07
  -14.17    6.66   -0.14
  -18.81    5.38    3.27
    6.99   -6.14    2.77
   18.42   -4.39   -2.42
   -9.09    6.98   -2.77
    7.36   -5.47    2.43
    4.66   -1.42   -0.31
  -20.61    7.57    1.96
  -15.76    5.49    2.21
   16.99  -10.61    2.96
   12.44   -3.28   -2.56
  -13.08    5.65    0.36
   19.08   -8.81   -0.17
    8.21   -3.67   -0.32
   18.55   -9.46    0.62
  -10.70    3.68    1.21
  -21.77    9.52    0.55
   19.38   -6.44   -2.62
   -3.65   -1.07    2.27
   -2.76    4.31   -2.68
    7.19   -6.37    3.23
   -7.26    0.08    3.02
   -3.21    3.78   -2.39
   -9.18    1.85    2.31
   11.92   -8.90    3.23
   -2.95    3.83   -2.63
   10.78   -9.01   -0.67
    9.16   -2.38   -1.94
   -0.50   -0.30    0.13
    5.06   -2.06    0.20
    0.71    2.72   -2.69
    1.70    1.15   -1.57
   11.98   -4.75   -1.58
  -21.30    9.64   -0.04
    7.92   -1.14   -2.24
   -9.80    6.07   -1.11
   -4.64   -0.01    2.67
  -21.80    7.90    2.16
    1.03    0.17   -1.05
   -7.48    1.57    2.27
   19.84  -10.77    1.44
    3.96   -1.27    0.71
   -5.06   -0.53    3.18
   12.23   -2.02   -3.00
    8.62   -2.26   -1.87
   18.33   -7.10   -1.54
   20.75   -9.43    0.57
   10.90   -1.98   -3.28
   -3.15    4.25   -2.81
   20.90  -11.13    0.96
    1.58    0.12   -0.57
    1.48   -2.82    2.45
   16.19   -6.96   -0.33
  -22.74    7.85    2.38
  -16.84    8.45   -0.70
   12.05   -9.03    3.24
    3.07    1.90   -2.48
   -6.18   -0.81    1.75
    3.70    0.08   -0.74
   13.27   -7.62    1.32
    6.22   -5.51    2.48
  -17.06    6.01    2.66
    0.01    1.97   -2.02
  -16.67    9.16   -1.43
    2.54    2.02   -3.25
  -17.66    8.11    0.05
    7.74   -0.87   -3.02
    7.80   -0.36   -2.64
  -11.64    8.30   -3.16
   17.19  -10.16    2.03
  -12.72    7.85   -1.22
   14.74   -5.04   -1.47
   -2.90   -0.13    1.82
   22.20   -7.29   -2.43
   -1.68   -1.36    1.80
   -5.57    0.99    1.13
   20.63  -10.52    0.81
    4.75   -4.59    2.60
   -7.83    5.87   -3.59
    8.14   -6.79    3.22
   -1.99   -1.94    2.15
   13.10   -4.64   -1.56
    6.22   -2.94   -0.03
  -10.35    6.82   -2.30
   21.01   -9.59    0.65
  -13.21    5.01    1.08
    5.60   -2.91    0.24
  -14.80    7.45    0.93
    0.48   -1.31    0.91
    3.90   -3.69    1.74
  -19.10    7.70    1.11
    5.00   -2.63   -0.61
    8.20   -3.31   -0.22
    2.74   -2.80    1.78
   -9.82    5.13   -0.63
  -11.39    5.34    0.30
    4.97   -1.22   -1.18
   -4.95   -0.49    2.66
    6.40    0.17   -2.86
   -5.16    1.19    1.14
   17.78  -11.09    2.70
  -23.24    7.64    3.09
  -22.54    7.85    3.34
  -10.49    8.04   -3.27
    4.42   -0.10   -1.57
   -8.40    3.08    1.16
   18.24   -5.28   -3.27
    4.04   -1.93   -1.15
   -9.80    3.46    0.67
  -21.66   11.55   -1.16
    4.76   -4.54    2.56
   13.85   -4.56   -1.97
  -17.76    6.39    1.78
   19.71   -6.05   -3.25
   -7.52    5.04   -1.15
   -9.65    2.94    1.46
  -17.00    8.84   -0.55
   -5.05    5.75   -2.96
   -2.88   -0.05    1.67
   21.27   -9.88   -0.12
   10.99   -4.78   -1.47
    0.84   -4.46    2.34
    2.80   -1.50    0.09
    9.69   -6.24    1.48
  -10.04    3.99    1.63
   18.97   -6.51    5.13
  -21.27   11.99   -3.02
   -0.47    2.81   -2.27
  -10.76    5.72   -0.42
    3.46   -4.15    2.39
   -7.33    6.36   -3.00
   -9.82    6.89   -2.53
    8.41   -5.73    1.63
   -5.55   -0.43    2.80
    9.49   -2.63   -1.15
   18.76   -7.59   -1.92
   10.51   -4.53   -0.03
  -17.62    8.41   -0.25
   -3.29   -1.16    2.47
   -4.56    1.24    1.46
   -0.95    3.94   -1.10
  -12.66    4.27    1.52
   11.21   -6.36    1.00
    3.15    1.85   -2.99
    2.02    1.65   -2.29
  -18.66    7.94    0.19
  -20.30   12.64   -2.68
   -3.44    2.20   -0.66
  -21.33    9.70    0.01
   20.66   -8.67   -1.36
    6.92   -5.17    2.25
  -10.85    5.35   -0.36
    9.94   -7.43   -0.94
   10.62   -6.68    1.64
   -8.73    5.23   -0.90
   -9.31    3.35    1.30
   -0.36   -2.07    2.12
   20.60  -11.94    2.90
    9.87   -2.91   -1.79
   16.72   -6.77   -1.08
    9.23   -1.68   -2.87
    0.46    1.95   -2.38
    6.57   -3.47    0.34
  -14.36    6.52    0.07
   -0.85   -2.26    2.87
  -14.95    8.57   -1.66
   -9.92    1.74    2.77
  -18.40   10.28   -1.37
   -8.38    4.34   -0.50
    1.12   -1.10    0.89
  -15.06    6.20    1.27
   19.18  -10.01    0.89
    5.43    1.25    0.73
   -6.20    0.08    3.09
    7.96   -5.67    1.62
  -14.17    7.18   -0.28
    5.86   -5.58    3.52
    4.54   -4.04    1.79
    5.65   -3.52    0.75
    2.90    2.38   -1.47
   11.51   -8.04    2.47
   13.45   -5.91    0.65
  -22.43    8.60    0.07
    7.64   -6.78    3.11
  -10.81    3.27    1.68
    7.34   -6.79    3.14
   -5.87    4.59   -1.49
    8.23   -5.62    2.45
  -14.53    3.57    2.93
   19.26  -11.66    2.56
   19.84  -11.88    2.47
  -12.50    3.03    3.15
  -16.91   10.52   -1.97
   -8.68    3.07    1.63
   17.01   -8.58    1.79
   20.14   -7.98   -1.15
   14.84   -9.10    2.06
   11.44   -6.58    1.07
  -22.50   10.06    0.34
   -8.98    6.16   -1.66
   -1.78    0.78   -0.07
   -3.56   -0.88    3.51
   -2.20    2.26   -1.30
    3.32    1.29   -3.57
   -2.89    3.03   -3.38
    8.27   -3.50   -0.09
  -20.73   10.30   -0.25
    1.00   -2.09    1.35
   -1.08   -2.37    3.42
   -2.18   -0.09    1.76
   21.39   -8.16   -1.88
    8.64   -6.96    2.81
    9.43   -2.14   -1.94
   -0.67   -2.35    3.10
   -6.95    4.78   -1.98
  -18.63    6.42    1.84
    9.36   -2.00   -2.61
    1.25   -1.29    0.16
  -20.10   10.68   -1.03
  -18.67   10.14   -0.11
    9.01   -4.97    0.53
    6.35   -4.28    1.21
   -0.18   -2.38    2.37
   -2.81    1.08    1.05
  -18.99   10.44   -1.86
   10.76   -4.44   -0.88
   -5.66    4.82   -2.91
  -12.83    7.52   -1.06
   19.76   -8.79   -0.48
    2.28   -0.68   -0.45
   -5.73    5.05   -2.71
  -16.45    4.51    3.03
   12.52   -5.34   -0.25
   15.58   -6.02   -2.39
   20.82   -7.09   -2.02
  -17.57    8.28    0.23
  -10.67    6.74   -1.94
  -21.32    9.22    1.06
   17.44   -7.27   -0.97
  -21.36    8.63    1.56
    6.26   -4.56    1.46
  -12.29    7.04   -1.36
  -12.58    3.61    1.76
   18.07   -5.02   -2.83
   13.26   -4.34   -1.52
  -12.68    5.64    0.80
    9.53   -6.07    1.46
  -17.60    4.96    2.84
  -10.04    2.20    2.78
    6.15   -4.23    1.62
    9.68   -3.18   -1.06
    4.94   -1.43   -0.92
  -16.58    7.45   -0.25
   21.33   -9.60   -0.46
  -15.00    4.05    3.17
  -16.04   10.13   -2.89
    5.79   -1.52   -0.82
    4.45   -3.34    1.65
   -6.36    2.11    0.69
  -20.40    9.55    2.07
   -2.45   -2.08    3.12
  -20.93    6.65    2.94
  -14.44    6.34   -0.23
    3.57    0.65   -2.36
    0.22    3.26   -3.01
   -3.50   -0.29    1.00
  -10.16    1.23    3.02
  -11.43    2.50    2.70
    2.83   -3.16    1.45
   -9.90    7.59   -2.67
   -1.67   -0.12    0.28
   -5.16    4.85   -1.34
    2.92    1.28   -2.67
   13.77   -9.12    2.19
  -10.24    1.56    3.11
   -6.71    3.00    0.07
  -11.68    7.14   -1.81
    4.71   -0.15   -1.14
   -7.64    6.62   -2.66
   19.39  -10.64    1.32
   20.73   -8.66   -2.78
  -17.26    7.56    0.29
   -6.66    5.49   -2.64
   -8.85    2.92    1.04
    0.76   -0.58   -1.48
   -8.54    3.04    1.20
   16.15   -6.32   -1.33
    0.77    0.35   -0.81
   -1.23   -0.20   -0.55
   -4.24    5.15   -3.25
  -14.25    6.16    0.38
   -0.67   -1.23    1.45
    5.15   -1.36   -3.61
   16.69   -8.78    0.73
    4.45   -3.97    1.07
    8.49   -1.40   -2.62
    0.01    3.14   -3.23
   -5.36    3.45   -1.06
   -2.99   -1.01    1.80
   -4.45    0.57    1.33
  -16.07    8.58   -1.13
  -15.69    8.82   -1.59
    9.12   -6.49    2.53
   -2.62    4.58   -2.96
    4.74   -1.10   -0.60
    4.21   -2.21    0.17
   13.84   -9.92    3.19
   16.12  -10.50    2.86
    2.54   -4.02    3.25
   17.43  -10.44    2.21
   10.03   -4.60    1.78
  -18.64  -17.09  -15.83
   18.11  -10.25    1.64
   -7.15    7.26   -1.47
    4.25   -3.78    2.08
   20.27   -8.25   -1.34
   -6.71    7.22    1.40
    7.80   -1.34   -1.21
   -4.12    4.13   -2.30
    0.35   -1.19    0.80
    0.13   -0.78    1.64
   16.02  -10.48    1.99
   21.24   -8.25   -1.36
  -16.26    7.59    0.25
    1.68    1.25   -2.22
   15.33   -8.18    1.85
   19.46  -10.12    0.81
   12.08   -8.15    1.20
  -10.58    2.10    2.71
  -18.65    9.87   -1.62
   -0.72   -0.29    0.41
  -14.43    4.94    2.03
   -8.91    2.01    2.74
  -12.12    4.05    3.59
   10.19   -6.47    1.54
  -16.08    9.07   -1.72
   -6.28    2.95    0.35
    5.82   -0.21   -2.53
  -18.96    6.09    2.46
   19.97   -5.82   -3.08
  -14.96    7.80   -1.05
   19.64  -10.50    0.27
   -5.17    3.32   -1.08
   11.99   -4.94   -0.23
  -16.35    8.97   -0.89
   -1.37   -1.01    1.87
    0.18    3.46   -2.38
  -16.58    7.72    0.42
    9.06   -5.50    1.13
   -3.19    1.48    0.31
  -18.93   10.11   -0.51
   18.61   -7.35   -1.00
  -13.20    5.51    0.90
    1.33    1.25   -1.54
   -4.60   -1.33    3.13
   18.38   -6.20   -2.46
    0.68   -0.70    0.69
  -13.06    3.19    2.79
  -21.69    8.61    1.19
   12.80   -7.45    1.35
    3.41    0.38   -1.68
   19.84  -13.01    2.47
  -19.01    5.90    3.50
   13.22   -3.95   -1.93
   12.76   -8.54   -1.02
   -2.05    4.21   -2.97
  -15.80    6.15    1.64
    3.58   -1.35    0.07
  -14.31    5.07    1.38
   20.64   -6.33   -3.35
  -10.56    5.34   -0.17
   13.52   -3.62   -3.00
  -10.26    1.93    2.69
   16.69   -9.54    1.68
   -3.27   -1.19    2.53
   19.88   -8.78   -0.56
   18.48  -10.52    1.80
   15.64   -8.10    1.06
   16.06   -5.73   -1.19
    3.75   -0.37   -1.46
    5.45   -1.41   -1.17
   -4.35   -0.85    2.77
   16.57  -10.86    2.89
  -17.21    8.27   -0.33
   11.50   -2.13   -2.59
  -21.42    4.59   -1.54
   -9.63    5.47   -0.71
    7.34    0.06   -2.87
   -9.75    7.71   -3.31
   -8.69    6.50   -2.10
   -3.08   -1.34    3.05
    8.01   -3.71   -0.10
    1.83    1.04   -1.59
   -5.52    2.12    1.11
  -15.11    7.20    0.30
   18.75   -5.56   -2.80
   14.14   -6.49    0.16
   14.58   -5.83   -0.72
   19.19   -8.53   -0.56
   19.06  -11.23    2.23
    2.26   -3.90    2.71
   -9.21    1.11    3.08
   15.59   -6.35   -0.41
    6.19   -1.75   -1.24
  -12.21    5.73   -0.14
   12.49   -3.57   -2.36
   -4.18   -0.79    3.23
  -15.71   10.10   -2.43
  -17.53    5.23    2.67
   19.30   -8.97   -0.55
    9.90   -3.80   -1.05
    3.43   -2.23    0.91
    0.54    0.77   -1.08
    9.76   -1.47   -3.11
  -18.76   11.61   -2.59
    8.57   -0.93   -2.56
   18.12  -11.79    3.21
  -16.83    9.51   -2.08
   -2.04    1.89   -0.64
  -18.98   10.33   -1.13
    4.04   -4.78    2.72
  -18.19    5.35    3.35
   -9.53    1.58    2.78
   -4.07    4.10   -2.30
  -11.48    4.52    0.68
   18.44  -11.26    2.99
   -9.72    7.63   -3.22
  -15.34    5.30    1.65
  -20.62    9.01    1.07
  -12.52    4.22    1.86
  -12.52    8.98   -3.28
   -8.35    2.20    1.58
    1.04   -3.30    3.06
  -11.50    2.91    2.81
    9.53   -6.00    3.19
   17.28   -4.99   -3.44
    2.23   -2.49    3.04
    8.77   -1.26   -2.90
    7.05   -1.45   -2.07
  -19.22    7.68    1.21
   21.40   -8.84   -1.28
   14.44   -6.68   -0.44
  -20.51    8.27    1.18
  -16.89    9.54   -1.74
    8.22   -1.79   -1.41
   18.96  -11.06    2.54
   21.57   -8.48   -2.15
   21.97   -8.23   -2.14
  -17.63    8.09   -0.04
   -3.54    3.45   -2.17
   20.19  -10.56    1.98
   -8.60    4.25   -0.43
   -3.42    0.02    1.39
   20.63  -11.65    2.69
  -21.00    7.78    1.87
    0.50   -0.68    0.22
  -12.71    7.24   -1.46
    2.56   -1.42   -0.02
  -12.79    6.36    0.22
   -6.96    1.48    2.13
    0.15    0.84   -0.46
   -1.66   -0.26    1.28
    7.42   -0.95   -2.59
    2.13    2.60   -2.99
  -11.87    5.77    0.03
   20.30   -9.55   -0.03
   14.91   -5.08   -1.92
   13.81   -5.03   -1.12
  -22.35    9.31    1.58
   -7.13    1.30    2.66
   20.64  -10.17    0.11
    4.17   -4.31    1.78
   10.98   -3.81   -1.49
   14.08   -4.07   -2.59
    8.92   -7.17    2.89
  -12.92    3.94    1.83
    6.67   -3.11   -0.07
  -18.55    6.08    2.80
   -6.29    0.87    2.33
  -20.93   12.34   -2.70
    3.34    1.05   -2.32
    5.23    0.04   -2.54
   -1.93    1.88   -1.10
   -5.29    3.15   -0.38
   -2.84    2.45   -1.22
  -11.79    2.33    0.07
   21.26  -11.47    1.84
   19.70  -10.87    2.44
    1.72   -0.74   -0.33
   10.58   -6.94    1.88
    5.09   -3.70    1.23
   13.89   -8.93    2.22
   12.42   -5.05   -0.81
  -20.83   10.73   -1.09
    9.66   -2.34   -2.31
  -11.15    6.07   -0.98
  -15.71    9.78   -2.50
   -0.16    1.82   -1.48
  -17.92    6.58    2.25
   -5.93    4.29   -1.60
  -10.30    4.02    0.04
    1.54   -1.13    0.69
    9.36   -5.58    1.49
  -11.40    7.50   -1.76
   16.28  -12.82   -1.44
  -16.83    6.46    0.91
   17.57  -10.55    2.18
    7.40   -3.64    0.46
  -12.74    4.45    1.41
    8.43   -5.67    2.34
   -2.71   -1.93    3.09
   -0.07    1.84   -2.25
   15.06   -9.69    2.48
   15.82   -4.72   -1.99
  -20.07   11.80   -2.49
  -13.91    7.00   -1.42
   19.05  -12.12    2.08
   -1.22    2.29   -1.78
   16.96   -9.81    2.26
  -15.49   10.81   -3.11
  -17.24   10.27   -2.33
    6.44   -3.27    0.53
   21.58  -10.04   -0.13
   -8.12    1.74    1.92
   19.63   -9.51    0.61
   11.46   -4.80   -0.73
   11.51   -3.31   -2.22
   -3.11    0.29    1.54
   11.49   -6.98    1.50
  -10.50   10.49   -0.39
    4.56    0.78   -2.41
    6.97   -2.78   -0.56
    7.90   -4.15    0.39
   -0.29   -1.23    1.12
  -11.07    5.38    0.79
  -21.29   10.64   -0.86
    6.34   -5.03    2.30
   18.35   -8.83    0.19
  -16.99    6.04    1.61
   11.16   -8.20    2.67
  -21.13   10.99   -1.40
   -4.39   -0.04    2.49
   10.00   -6.36    1.44
    6.63   -0.64   -1.98
  -20.39   11.34   -1.91
  -16.10    4.45    2.93
   17.80   -6.61   -1.77
   11.48   -7.16    1.37
   -0.44    0.16   -0.10
   -8.61    3.31    0.59
   18.43  -10.64    3.66
  -12.09    2.15    3.00
   -3.95    1.93   -0.14
   -1.84    0.18    0.97
   22.09   -7.94   -1.96
   18.53   -9.34    0.12
  -14.90    4.67    2.51
  -19.86    6.18    2.91
  -21.48    7.61    3.63
  -12.40    4.08    1.92
   -7.22    6.16   -2.86
  -12.38    7.71   -2.31
    0.29    0.72   -0.91
    3.62   -4.01    2.62
  -21.17    7.49    2.21
   10.67   -5.27   -0.03
    0.53    0.59   -0.53
   -9.04    1.83    2.26
    7.70   -5.09    1.80
  -17.92    6.32    1.70
    7.01   -6.40    3.36
    4.06   -2.45    0.40
   13.84   -5.48   -0.61
   -2.41   -1.46    2.44
  -21.43    5.98    2.54
  -16.30    6.60    0.73
   15.63  -10.23    3.25
  -15.72    7.81   -0.68
   18.87   -6.16   -2.33
   -3.69    0.65    0.64
   -8.64    2.87    1.39
   -1.57    3.74   -2.69
   15.72   -7.29   -0.14
    2.30    0.34   -1.12
   -8.72    4.66   -0.20
  -20.06    7.65    1.96
   19.05  -11.77    2.28
   14.89   -5.60   -1.03
   -6.42    4.96   -2.07
    3.15   -4.02    2.47
   14.40   -3.59   -3.33
   16.23   -4.12   -1.95
  -21.76    7.76    2.24
  -16.65   10.92   -2.49
   21.85  -10.13    0.20
  -17.65    9.59   -0.99
   20.76   -6.85   -2.53
   22.73   -7.71   -2.59
  -14.89    8.09   -0.65
   12.10   -4.20   -1.17
  -11.16    4.92    1.06
   10.25   -3.81   -1.04
   19.73   -6.87   -2.47
   -7.29    4.44   -1.18
   -9.95    2.23    2.24
    6.03    4.17    6.18
   15.18   -7.31   -0.03
   15.22   -7.75    0.47
  -11.98    5.94   -0.48
   -8.55    0.78    3.06
    2.05    1.25   -2.36
   -8.09    5.56   -1.34
   10.70   -2.18   -2.93
   10.43   -5.04    0.05
   12.11   -5.08   -0.23
   13.70   -6.54    0.07
  -15.36    5.09    1.79
   11.26   -3.05   -1.93
    1.82   -0.40   -0.50
   17.28  -10.20    2.05
    1.28   -1.35    1.00
  -17.50    5.78    2.64
   12.68   -7.14    1.47
  -14.21    7.28   -0.32
  -10.99    7.42   -1.52
   -9.61    6.63   -1.79
  -15.13    6.94    0.44
   -3.86    1.86    0.34
  -14.62    4.95    2.12
   21.38   -8.14   -2.02
  -10.37    3.70    1.04
    0.49    2.93   -3.19
    3.03   -0.82   -0.21
   -9.34    4.97   -0.68
   -7.59    1.92    1.87
   -3.20    1.92   -0.60
   -9.73    3.87    0.54
   -3.88    0.42    1.80
   -7.80    1.33    2.21
   -7.81    2.56    0.80
   20.78   -9.91    0.85
  -12.93    3.04    3.27
  -18.13    6.37    2.40
    9.57   -5.08    0.89
   -4.93    2.68   -0.12
  -13.80    3.72    0.44
  -18.50    9.39   -0.37
    4.89   -0.46   -1.86
   -3.04   -0.14    2.00
    1.44    2.41   -3.12
    3.84   -1.80    0.29
    6.26   -3.76    0.74
  -10.64    6.71   -1.39
   -9.68    5.70   -1.52
   -8.29    6.48   -3.12
    3.37    0.11   -2.04
   -2.29    0.53   -2.57
   22.49   -8.09   -2.92
   -7.96    5.52   -1.86
   -0.74    1.23   -0.94
   -8.48    5.74   -1.21
  -12.26    3.90    1.71
   -2.87    2.48   -1.91
   -6.52    4.84   -1.85
  -15.65    7.07    0.48
  -17.57    6.44    1.67
   18.14   -6.75   -2.08
   12.40   -7.78    1.77
  -20.38    8.74    1.97
    8.86   -3.66   -0.58
  -18.00    5.82    2.44
  -12.57    4.57    1.61
    2.97   -0.37   -1.07
   -9.98    2.71    1.72
  -19.97    9.19    0.60
  -18.54   11.33   -2.23
   14.42   -5.00   -1.88
   16.06   -7.59    0.56
   11.39   -6.89    1.36
   -5.58    5.89   -3.00
   14.57   -4.95   -1.58
  -13.97    7.46   -1.07
   13.28   -5.69   -0.24
    4.16   -0.76   -1.74
  -10.76    2.31    3.16
    6.07   -5.83    3.25
   16.61  -10.70    2.84
  -12.10    6.81   -1.24
  -21.51   11.19   -0.68
   17.53   -7.61   -0.05
   10.38   -6.39    1.42
  -11.91    5.26    0.16
   20.18  -10.93    1.78
   20.22   -6.96   -2.79
   20.81   -8.55   -1.30
   19.77   -8.23   -1.26
  -21.10    8.61    0.87
  -18.53   12.46   -0.51
  -20.85   10.80   -1.14
    7.03   -0.29   -3.23
   -2.98    4.25   -2.89
   14.65   -7.01    0.04
   -9.97    4.52   -0.58
   12.77   -7.39    1.11
    1.45   -2.42    1.49
   20.89   -7.39   -2.38
   19.17   -6.20   -2.81
   17.44   -6.51   -1.67
  -14.91    5.63    1.22
  -18.68    7.78    0.79
  -22.75    8.17    2.65
  -11.54    4.07    1.23
   -5.47    5.44   -3.22
   18.24   -5.86   -2.78
   20.62   -9.99    0.73
   -8.95    2.78    1.65
   -9.35    5.63   -1.49
   12.64   -5.01   -0.38
   -3.90    4.49   -2.39
  -14.44    7.96   -0.54
    6.49   -0.43   -2.25
   12.50   -3.12   -2.74
   10.91   -3.55   -1.60
  -14.34    6.12    0.37
    3.75   -3.63    1.55
   -6.48    6.77   -1.49
  -14.94    5.71    1.60
    2.69   -4.23    3.27
    5.40   -0.66   -1.38
    0.32    0.93   -0.82
   20.62   -8.50   -0.77
   -9.53    5.59   -1.23
    7.34   -5.81    2.03
   -2.73   -1.21    1.98
   14.83   -8.83    1.77
  -17.29    6.63    1.06
    4.89   -1.73   -0.11
  -13.10    7.14   -1.20
   -3.10    2.19    0.04
  -17.78    6.92    2.28
    1.13   -3.39    2.66
   -5.65    5.45   -2.85
  -10.32    7.61   -2.45
   20.01   -7.93   -1.54
   16.70   -9.73    1.80
   17.92   -7.23   -1.18
    9.90   -2.60   -2.56
   15.65   -4.70   -3.04
    3.19    0.41   -1.60
    9.81   -5.72    1.07
  -21.17   10.46   -0.79
    1.33    2.05   -2.70
   -3.36    3.08   -1.58
  -12.69    2.47    2.79
    6.76   -6.07    3.13
   14.65   -7.75    0.50
   14.14   -5.25   -1.05
   -2.80   -1.75    2.94
   18.73   -5.94   -2.83
  -15.77    9.20   -2.00
  -18.82    7.66    0.86
  -13.76    5.81    0.49
   -7.75    3.07    0.32
   -6.94    3.60    0.18
   -1.49    2.34   -1.79
    2.80   -3.45    2.02
    6.08   -0.79   -2.81
  -19.70    8.22    0.89
   20.44  -10.75    3.72
    2.78    0.70   -2.12
   18.36   -8.33    0.37
    9.27   -3.15   -1.45
    4.44   -2.58    0.08
   -3.99    4.37   -2.20
  -19.29   11.36   -1.53
   13.01   -4.01   -1.74
  -15.65    9.07   -1.85
   17.14  -10.36    3.10
   19.65   -6.19   -2.56
   -6.04    2.88    0.20
    4.52   -2.39    0.57
   20.92  -10.14    0.68
   18.94   -7.76   -1.23
    1.96   -3.31    2.81
  -11.44    7.07    0.54
  -11.12    6.47   -1.39
  -11.27    5.35   -0.15
    8.81   -7.46    3.26
   -2.07    3.79   -2.98
    7.86   -3.86    0.11
    2.99   -1.16    0.07
   12.01   -7.37    1.38
   -0.53    1.47   -1.32
  -20.45    8.53    1.26
    3.55    0.99   -2.37
   -7.33    4.69   -1.42
    3.35    1.29   -2.92
  -21.77    8.82    1.18
   -0.74   -0.42    0.65
  -14.60    8.27   -1.16
  -13.68    5.29    1.00
   -2.95    0.37    1.24
    5.43   -4.25    1.42
  -10.58    8.03   -3.24
   21.54   -9.42   -0.75
   14.12   -6.74    0.05
  -17.78    9.59   -1.99
   18.05   -9.88    1.09
    9.29   -4.41    0.41
  -15.33    5.93    1.49
   -2.60    1.27   -0.14
   10.71   -5.90    1.37
   18.34   -7.05   -1.59
   21.37   -9.95    0.65
   -8.67    5.73   -0.02
   -5.54    0.22    1.80
  -10.82    3.18    1.76
   10.70   -4.06   -1.12
  -19.57    5.96    3.05
  -12.66    9.10   -3.26
   -4.17   -0.20    2.42
   -8.52    2.33    2.07
   -3.05   -1.75    2.01
   -9.38    2.40    1.51
   -8.55    5.61   -1.67
    3.44   -4.84    3.09
   -5.81    1.81    1.27
    6.07   -1.05   -1.82
  -16.36    7.53   -0.32
   15.04   -9.39    2.29
   17.40   -5.34   -3.28
   -7.90    4.36   -0.77
    5.04   -5.19    3.12
    8.71   -3.75   -0.37
   15.91   -6.63   -0.85
   12.74   -7.60    1.51
   -2.61    3.52   -1.56
  -15.05    6.67    0.82
   -8.19    2.25    1.80
   20.18   -9.38    0.25
    1.97   -1.56    0.15
   -7.71    3.72    0.16
  -20.74   10.74   -1.22
   -5.75    5.05   -2.01
   17.50   -5.11   -2.56
  -17.62    9.67   -1.66
  -16.81    9.43   -1.29
   12.86   -8.69    2.58
  -12.52    2.85    2.86
   -7.50    2.70    0.68
    9.75   -1.75   -2.89
   21.37  -10.63    0.57
   19.66   -6.56   -2.12
   12.24   -5.93    0.01
   -9.09    5.04   -0.85
  -20.48    7.02    2.86
  -21.11   12.50   -2.25
  -14.06    3.61    3.21
   19.38  -10.95    1.65
    7.63   -6.58    2.26
    7.21   -4.95    1.89
   19.10  -11.60    2.53
   18.80  -10.61    1.75
  -11.69    2.00    2.97
   -8.14    6.11   -2.04
   -0.02   -2.86    2.27
   -8.59    6.37   -0.99
    2.52   -2.80    1.98
    1.78    2.18   -3.03
   17.97   -6.50   -1.91
    4.93   -1.60   -1.14
   14.25   -5.93   -0.86
  -11.20    5.33   -0.33
    9.40   -3.53   -1.05
    8.57   -6.21    2.53
    0.86   -1.02    0.95
    6.52   -0.02   -3.23
   -0.45   -2.57    2.67
    6.04   -3.08    0.14
    1.72    2.17   -3.01
   -6.32    3.07   -0.42
    7.98   -7.05    3.15
   13.39   -3.37   -2.60
  -10.70    6.31   -1.52
   12.78   -8.34    2.28
   -6.05    2.95   -0.22
   -4.25   -1.40    3.24
    3.94   -1.07   -1.13
    1.04    0.59   -0.36
   15.50   -8.08    0.54
    2.16   -0.50   -0.60
    9.06   -4.74    0.44
    7.72   -4.60    0.53
   -9.23    5.44   -0.82
   -9.25    5.96   -1.36
   12.49   -8.07    2.16
